Wavelength(nm)      SolarFlux(mW/m^2/nm)
1.00000000e+00      1.93780057e+00      
1.37500000e+00      7.32084309e+00      
2.12500000e+00      3.32327706e+00      
2.87500000e+00      2.42100793e+00      
3.62500000e+00      1.99737904e+00      
4.12500000e+00      9.59970418e-01      
4.37500000e+00      8.95164455e-01      
4.62500000e+00      8.58515737e-01      
4.87500000e+00      6.27975179e-01      
5.12500000e+00      8.16548717e-01      
5.37500000e+00      8.95557238e-01      
5.62500000e+00      4.92592033e-01      
5.87500000e+00      5.50283469e-01      
6.12500000e+00      4.88962081e-01      
6.37500000e+00      9.87795481e-01      
6.62500000e+00      8.14855043e-01      
6.87500000e+00      5.97533891e-01      
7.12500000e+00      3.00667680e-01      
7.37500000e+00      4.23700907e-01      
7.62500000e+00      3.25139869e-01      
7.87500000e+00      2.43553332e-01      
8.12500000e+00      2.38114511e-01      
8.37500000e+00      2.22832058e-01      
8.62500000e+00      2.30547399e-01      
8.87500000e+00      2.66062908e-01      
9.12500000e+00      2.32986083e-01      
9.37500000e+00      3.15291354e-01      
9.62500000e+00      1.73377069e-01      
9.87500000e+00      2.66622378e-01      
1.01250000e+01      2.68677579e+00      
1.03750000e+01      2.68734078e+00      
1.06250000e+01      2.68734078e+00      
1.08750000e+01      2.68734078e+00      
1.11250000e+01      2.68734078e+00      
1.13750000e+01      2.68734078e+00      
1.16250000e+01      2.68734078e+00      
1.18750000e+01      2.68734078e+00      
1.21000000e+01      2.68734078e+00      
1.23000001e+01      2.68734078e+00      
1.25000001e+01      2.68734078e+00      
1.27000002e+01      2.68734078e+00      
1.31125002e+01      2.68734078e+00      
1.37375002e+01      2.68734078e+00      
1.43625002e+01      2.68734078e+00      
1.49875002e+01      2.68734078e+00      
1.55875002e+01      2.68734078e+00      
1.61625003e+01      2.68734078e+00      
1.67375003e+01      2.68734078e+00      
1.73125004e+01      2.68734078e+00      
1.79625003e+01      2.68734078e+00      
1.86875002e+01      2.68734078e+00      
1.94125001e+01      2.68734078e+00      
2.01375000e+01      2.46210504e+00      
2.08250000e+01      2.35680007e+00      
2.14750001e+01      2.35680007e+00      
2.21250002e+01      2.35680007e+00      
2.27750003e+01      2.35680007e+00      
2.35875003e+01      2.35680007e+00      
2.45625002e+01      2.35680007e+00      
2.55375001e+01      2.35680007e+00      
2.65125000e+01      2.35680007e+00      
2.71250000e+01      2.35680007e+00      
2.73750000e+01      2.35680007e+00      
2.76250000e+01      2.35680007e+00      
2.78750000e+01      2.35680007e+00      
2.82500000e+01      2.35680007e+00      
2.87500000e+01      2.35680007e+00      
2.92500000e+01      2.35680007e+00      
2.97500000e+01      2.35676939e+00      
3.02500000e+01      2.08127345e+00      
3.07500000e+01      2.08124277e+00      
3.12500000e+01      2.08124277e+00      
3.17500000e+01      2.08124277e+00      
3.22500000e+01      2.08124277e+00      
3.27500000e+01      2.08124277e+00      
3.32500000e+01      2.08124277e+00      
3.37500000e+01      2.08124277e+00      
3.42500000e+01      2.08124277e+00      
3.47500000e+01      2.08124277e+00      
3.52500000e+01      2.08124277e+00      
3.57500000e+01      2.08124277e+00      
3.61250000e+01      2.08124277e+00      
3.63750000e+01      2.08124277e+00      
3.66250000e+01      2.08124277e+00      
3.68750000e+01      2.08124277e+00      
3.73750000e+01      2.08124277e+00      
3.81250000e+01      2.08124277e+00      
3.88750000e+01      2.08124277e+00      
3.96250000e+01      2.08109169e+00      
4.03750000e+01      4.57577830e-02      
4.11250000e+01      4.56067020e-02      
4.18750000e+01      4.56067020e-02      
4.26250000e+01      4.56067020e-02      
4.33750000e+01      4.56067020e-02      
4.41250000e+01      4.56067020e-02      
4.48750000e+01      4.56067020e-02      
4.56250000e+01      4.56067020e-02      
4.62500000e+01      4.56067020e-02      
4.67500000e+01      4.56067020e-02      
4.72500000e+01      4.56067020e-02      
4.77500000e+01      4.56067020e-02      
4.82500000e+01      4.56067020e-02      
4.87500000e+01      4.56067020e-02      
4.92500000e+01      4.56067020e-02      
4.97500000e+01      4.56103632e-02      
5.02500000e+01      7.84898136e-02      
5.07500000e+01      7.84934748e-02      
5.12500000e+01      7.84934748e-02      
5.17500000e+01      7.84934748e-02      
5.22500000e+01      7.84934748e-02      
5.27500000e+01      7.84934748e-02      
5.32500000e+01      7.84934748e-02      
5.37500000e+01      7.84934748e-02      
5.42500000e+01      7.84934748e-02      
5.47500000e+01      7.84934748e-02      
5.52500000e+01      7.84934748e-02      
5.57500000e+01      7.84934748e-02      
5.62500000e+01      7.84934748e-02      
5.67500000e+01      7.84934748e-02      
5.72500000e+01      7.84934748e-02      
5.77500000e+01      7.84934748e-02      
5.82500000e+01      7.84934748e-02      
5.87500000e+01      7.84934748e-02      
5.92500000e+01      7.84934748e-02      
5.97500000e+01      7.84966858e-02      
6.02500000e+01      1.07333148e-01      
6.07500000e+01      1.07336359e-01      
6.12500000e+01      1.07336359e-01      
6.17500000e+01      1.07336359e-01      
6.21250000e+01      1.07336359e-01      
6.23750000e+01      1.07336359e-01      
6.26250000e+01      1.07336359e-01      
6.28750000e+01      1.07336359e-01      
6.36250000e+01      1.07336359e-01      
6.48750000e+01      1.07336359e-01      
6.61250000e+01      1.07336359e-01      
6.73750000e+01      1.07336359e-01      
6.83750000e+01      1.07336359e-01      
6.91250000e+01      1.07336359e-01      
6.98750000e+01      1.12754694e-01      
7.06250000e+01      1.23591365e-01      
7.13750000e+01      1.23591365e-01      
7.21250000e+01      1.23591365e-01      
7.28750000e+01      1.23591365e-01      
7.36250000e+01      1.23591365e-01      
7.43750000e+01      1.23591365e-01      
7.51250000e+01      1.23591365e-01      
7.58750000e+01      1.23591365e-01      
7.66250000e+01      1.23591365e-01      
7.71250000e+01      1.23591365e-01      
7.73750000e+01      1.23591365e-01      
7.76250000e+01      1.23591365e-01      
7.78750000e+01      1.23591365e-01      
7.81250000e+01      1.23591365e-01      
7.83750000e+01      1.23591365e-01      
7.86250000e+01      1.23591365e-01      
7.88750000e+01      1.23591365e-01      
7.91250000e+01      1.23591365e-01      
7.93750000e+01      1.23591365e-01      
7.96250000e+01      1.23591365e-01      
7.98750000e+01      1.30238914e-01      
8.03750000e+01      1.43534013e-01      
8.11250000e+01      1.43534013e-01      
8.18750000e+01      1.43534013e-01      
8.26250000e+01      1.43534013e-01      
8.30749998e+01      1.43534013e-01      
8.32249994e+01      1.43534013e-01      
8.33749990e+01      1.43534013e-01      
8.35249987e+01      1.43534013e-01      
8.38999987e+01      1.43534013e-01      
8.44999990e+01      1.43534013e-01      
8.50999994e+01      1.43534013e-01      
8.56999998e+01      1.43534013e-01      
8.60625000e+01      1.43534013e-01      
8.61875000e+01      1.43534013e-01      
8.63125000e+01      1.43534013e-01      
8.64375000e+01      1.43534013e-01      
8.65625000e+01      1.43534013e-01      
8.66875000e+01      1.43534013e-01      
8.68125000e+01      1.43534013e-01      
8.69375000e+01      1.43534013e-01      
8.70625000e+01      1.43534013e-01      
8.71875000e+01      1.43534013e-01      
8.73125000e+01      1.43534013e-01      
8.74375000e+01      1.43534013e-01      
8.75625000e+01      1.43534013e-01      
8.76875000e+01      1.43534013e-01      
8.78125000e+01      1.43534013e-01      
8.79375000e+01      1.43534013e-01      
8.80625000e+01      1.43534013e-01      
8.81875000e+01      1.43534013e-01      
8.83125000e+01      1.43534013e-01      
8.84375000e+01      1.43534013e-01      
8.85625000e+01      1.43534013e-01      
8.86875000e+01      1.43534013e-01      
8.88125000e+01      1.43534013e-01      
8.89375000e+01      1.43534013e-01      
8.90625000e+01      1.43534013e-01      
8.91875000e+01      1.43534013e-01      
8.93125000e+01      1.43534013e-01      
8.94375000e+01      1.43534013e-01      
8.95625000e+01      1.43534013e-01      
8.96875000e+01      1.43534013e-01      
8.98125000e+01      1.43534013e-01      
8.99375000e+01      1.43534013e-01      
9.00625000e+01      1.43534013e-01      
9.01875000e+01      1.43534013e-01      
9.03125000e+01      1.43534013e-01      
9.04375000e+01      1.43534013e-01      
9.05749998e+01      1.43534013e-01      
9.07249994e+01      1.43534013e-01      
9.08749990e+01      1.43534013e-01      
9.10249987e+01      1.43534013e-01      
9.11499987e+01      1.43622339e-01      
9.12499990e+01      3.25692411e-01      
9.13499994e+01      3.25793865e-01      
9.14499998e+01      3.25793865e-01      
9.15625000e+01      3.25793865e-01      
9.16875000e+01      3.25793865e-01      
9.18125000e+01      3.25793865e-01      
9.19375000e+01      3.25793865e-01      
9.20375004e+01      3.25793865e-01      
9.21125011e+01      3.25793865e-01      
9.21875019e+01      3.25793865e-01      
9.22625027e+01      3.25793865e-01      
9.23500023e+01      3.25793865e-01      
9.24500008e+01      3.25793865e-01      
9.25499992e+01      3.25793865e-01      
9.26499977e+01      3.25793865e-01      
9.27374973e+01      3.25793865e-01      
9.28124981e+01      3.25793865e-01      
9.28874989e+01      3.25793865e-01      
9.29624996e+01      3.25793865e-01      
9.30375004e+01      3.25793865e-01      
9.31125011e+01      3.25793865e-01      
9.31875019e+01      3.25793865e-01      
9.32625027e+01      3.25793865e-01      
9.33625031e+01      3.25793865e-01      
9.34875031e+01      3.25793865e-01      
9.36125031e+01      3.25793865e-01      
9.37375031e+01      3.25793865e-01      
9.38500023e+01      3.25793865e-01      
9.39500008e+01      3.25793865e-01      
9.40499992e+01      3.25793865e-01      
9.41499977e+01      3.25793865e-01      
9.42749977e+01      3.25793865e-01      
9.44249992e+01      3.25793865e-01      
9.45750008e+01      3.25793865e-01      
9.47250023e+01      3.25793865e-01      
9.48375025e+01      3.25793865e-01      
9.49125013e+01      3.25793865e-01      
9.49875002e+01      3.25793865e-01      
9.50624990e+01      3.25793865e-01      
9.51374989e+01      3.25793865e-01      
9.52124996e+01      3.25793865e-01      
9.52875004e+01      3.25793865e-01      
9.53625011e+01      3.25793865e-01      
9.54250011e+01      3.25793865e-01      
9.54750004e+01      3.25793865e-01      
9.55249996e+01      3.25793865e-01      
9.55749989e+01      3.25793865e-01      
9.56124983e+01      3.25793865e-01      
9.56374979e+01      3.25793865e-01      
9.56624975e+01      3.25793865e-01      
9.56874971e+01      3.25793865e-01      
9.57499971e+01      3.25793865e-01      
9.58499975e+01      3.25793865e-01      
9.59499979e+01      3.25793865e-01      
9.60499983e+01      3.25793865e-01      
9.61624985e+01      3.25793865e-01      
9.62874985e+01      3.25793865e-01      
9.64124985e+01      3.25793865e-01      
9.65374985e+01      3.25793865e-01      
9.66124983e+01      3.25793865e-01      
9.66374979e+01      3.25793865e-01      
9.66624975e+01      3.25793865e-01      
9.66874971e+01      3.25793865e-01      
9.67499971e+01      3.25793865e-01      
9.68499975e+01      3.25793865e-01      
9.69499979e+01      3.25793865e-01      
9.70499983e+01      3.25793865e-01      
9.71499987e+01      3.25793865e-01      
9.72499990e+01      3.25793865e-01      
9.73499994e+01      3.25793865e-01      
9.74499998e+01      3.25793865e-01      
9.75625000e+01      3.25793865e-01      
9.76875000e+01      3.25793865e-01      
9.78125000e+01      3.25793865e-01      
9.79375000e+01      3.25793865e-01      
9.80625000e+01      3.25793865e-01      
9.81875000e+01      3.25793865e-01      
9.83125000e+01      3.25793865e-01      
9.84375000e+01      3.25793865e-01      
9.85124998e+01      3.25793865e-01      
9.85374994e+01      3.25793865e-01      
9.85624990e+01      3.25793865e-01      
9.85874987e+01      3.25793865e-01      
9.86249990e+01      3.25793865e-01      
9.86750002e+01      3.25793865e-01      
9.87250013e+01      3.25793865e-01      
9.87750025e+01      3.25793865e-01      
9.88375025e+01      3.25793865e-01      
9.89125013e+01      3.25793865e-01      
9.89875002e+01      3.25793865e-01      
9.90624990e+01      3.25793865e-01      
9.91249990e+01      3.25793865e-01      
9.91750002e+01      3.25793865e-01      
9.92250013e+01      3.25793865e-01      
9.92750025e+01      3.25793865e-01      
9.93875029e+01      3.25793865e-01      
9.95625025e+01      3.25793865e-01      
9.97375021e+01      3.25793865e-01      
9.99125017e+01      3.25793865e-01      
1.00300001e+02      3.25793865e-01      
1.00900002e+02      3.25793865e-01      
1.01500002e+02      3.25793865e-01      
1.02100002e+02      3.25793865e-01      
1.02475001e+02      3.25793865e-01      
1.02625001e+02      3.25793865e-01      
1.02775001e+02      3.25793865e-01      
1.02925000e+02      3.25793865e-01      
1.03062500e+02      3.25793865e-01      
1.03187500e+02      3.25793865e-01      
1.03312500e+02      3.25793865e-01      
1.03437500e+02      3.25793865e-01      
1.03625000e+02      3.25793865e-01      
1.03875000e+02      3.25793865e-01      
1.04125000e+02      3.25793865e-01      
1.04375000e+02      3.25793865e-01      
1.04650000e+02      3.25793865e-01      
1.04949999e+02      3.25793865e-01      
1.05249998e+02      3.25793865e-01      
1.05549997e+02      3.25793865e-01      
1.05862497e+02      3.25793865e-01      
1.06187498e+02      3.25793865e-01      
1.06512499e+02      3.25793865e-01      
1.06837500e+02      3.25793865e-01      
1.07125000e+02      3.25793865e-01      
1.07375000e+02      3.25793865e-01      
1.07625000e+02      3.25793865e-01      
1.07875000e+02      3.25793865e-01      
1.08125000e+02      3.25793865e-01      
1.08375000e+02      3.25793865e-01      
1.08625000e+02      3.25793865e-01      
1.08875000e+02      3.25793865e-01      
1.09125000e+02      3.25793865e-01      
1.09375000e+02      3.25793865e-01      
1.09625000e+02      3.25793865e-01      
1.09875000e+02      3.25793865e-01      
1.10125000e+02      3.25793865e-01      
1.10375000e+02      3.25793865e-01      
1.10625000e+02      3.25793865e-01      
1.10875000e+02      3.25793865e-01      
1.11013889e+02      3.25793865e-01      
1.11041667e+02      3.25793865e-01      
1.11069445e+02      3.25793865e-01      
1.11097223e+02      3.25793865e-01      
1.11222223e+02      3.25793865e-01      
1.11444445e+02      3.25793865e-01      
1.11666667e+02      3.25793865e-01      
1.11888889e+02      3.25793865e-01      
1.12125000e+02      3.25793865e-01      
1.12375000e+02      3.25793865e-01      
1.12625000e+02      3.25793865e-01      
1.12875000e+02      3.25793865e-01      
1.13125000e+02      3.25793865e-01      
1.13375000e+02      3.25793865e-01      
1.13625000e+02      3.25793865e-01      
1.13875000e+02      3.25793865e-01      
1.14125000e+02      3.25793865e-01      
1.14375000e+02      3.25793865e-01      
1.14625000e+02      3.25793865e-01      
1.14875000e+02      3.25793865e-01      
1.15087500e+02      3.25793865e-01      
1.15262499e+02      3.25793865e-01      
1.15437498e+02      3.25793865e-01      
1.15612497e+02      3.25793865e-01      
1.15774998e+02      3.25793865e-01      
1.15924999e+02      3.25793865e-01      
1.16075001e+02      3.25793865e-01      
1.16225002e+02      3.25793865e-01      
1.16387503e+02      3.25793865e-01      
1.16562502e+02      3.25793865e-01      
1.16737501e+02      3.25793865e-01      
1.16912500e+02      3.25668370e-01      
1.17075000e+02      9.27294172e-02      
1.17224999e+02      8.24103105e-02      
1.17374999e+02      1.05888883e-01      
1.17524999e+02      2.87436670e+00      
1.17687499e+02      1.14637425e+00      
1.17862500e+02      6.07726530e-02      
1.18037501e+02      3.80208090e-02      
1.18212502e+02      4.35379619e-02      
1.18387503e+02      5.65827657e-02      
1.18562502e+02      3.78554226e-02      
1.18737501e+02      7.86602026e-02      
1.18912500e+02      1.51324630e-01      
1.19100000e+02      1.61510560e-01      
1.19300001e+02      1.99886649e-01      
1.19500002e+02      2.50037992e-01      
1.19700003e+02      1.29772900e-01      
1.19887503e+02      1.71153914e-01      
1.20062502e+02      1.91363718e-01      
1.20237501e+02      1.52349877e-01      
1.20412500e+02      1.36701000e-01      
1.20587500e+02      2.11713965e+00      
1.20762499e+02      9.18969558e-01      
1.20937498e+02      3.91818942e-01      
1.21112497e+02      7.16093889e-01      
1.21299997e+02      2.66921141e+00      
1.21499998e+02      3.06123695e+02      
1.21699999e+02      1.08696237e+02      
1.21900000e+02      2.70183217e+00      
1.22087500e+02      6.23297425e-01      
1.22262499e+02      3.13599848e-01      
1.22437498e+02      1.98364207e-01      
1.22612497e+02      1.46537752e-01      
1.22799997e+02      1.40110176e-01      
1.22999998e+02      1.17582073e-01      
1.23199999e+02      7.96786446e-02      
1.23400000e+02      8.20547331e-02      
1.23587500e+02      6.25827175e-02      
1.23762499e+02      1.05162092e+00      
1.23937498e+02      1.60087737e+00      
1.24112497e+02      1.59293408e-01      
1.24299997e+02      1.20876721e+00      
1.24499998e+02      5.99402679e-02      
1.24699999e+02      8.80708870e-02      
1.24900000e+02      6.25100523e-02      
1.25100000e+02      9.10449187e-02      
1.25300001e+02      1.11613323e-01      
1.25500002e+02      6.30694820e-02      
1.25700003e+02      1.20496551e-01      
1.25900002e+02      1.49332642e-01      
1.26100001e+02      2.68749287e-01      
1.26300000e+02      3.06012493e-02      
1.26499999e+02      6.20752398e-01      
1.26699999e+02      1.17137587e-01      
1.26900000e+02      3.62427993e-02      
1.27100000e+02      5.21539331e-02      
1.27300001e+02      3.65377858e-02      
1.27500001e+02      1.05027348e-01      
1.27700000e+02      1.73187331e-01      
1.27899999e+02      9.93703987e-02      
1.28099998e+02      8.40206021e-02      
1.28299997e+02      3.23227942e-02      
1.28499998e+02      2.98757017e-02      
1.28699999e+02      1.77628180e-02      
1.28900000e+02      9.34779147e-02      
1.29112499e+02      5.44859190e-02      
1.29337498e+02      7.90506492e-02      
1.29562496e+02      1.04232595e-01      
1.29787495e+02      9.14927804e-02      
1.29999994e+02      1.47554853e-01      
1.30199995e+02      1.09356514e-01      
1.30399996e+02      1.66950704e-01      
1.30599997e+02      3.37334638e-02      
1.30812498e+02      8.39010188e-02      
1.31037500e+02      2.50360951e-01      
1.31262503e+02      1.12792874e-01      
1.31487505e+02      7.79827576e-02      
1.31700005e+02      8.04997806e-02      
1.31900002e+02      8.27458683e-02      
1.32099998e+02      2.54557004e-02      
1.32299995e+02      6.72078663e-02      
1.32512495e+02      4.79228003e-02      
1.32737497e+02      5.59874007e-02      
1.32962500e+02      2.12960587e-01      
1.33187502e+02      1.41984591e-02      
1.33412502e+02      2.89291000e+00      
1.33637501e+02      4.01914435e+00      
1.33862499e+02      4.76815898e-02      
1.34087498e+02      4.00574034e-02      
1.34312498e+02      3.55779807e-02      
1.34537500e+02      2.33541019e-02      
1.34762503e+02      2.77173835e-02      
1.34987505e+02      6.98824269e-02      
1.35212505e+02      1.69927198e-01      
1.35437504e+02      5.05963094e-02      
1.35662502e+02      6.00975791e-02      
1.35887501e+02      6.15925352e-02      
1.36125000e+02      7.19386047e-02      
1.36375000e+02      7.86290966e-02      
1.36625000e+02      4.44617942e-02      
1.36875000e+02      4.50096375e-02      
1.37112499e+02      1.23617978e-01      
1.37337498e+02      5.46012864e-02      
1.37562496e+02      3.74405604e-02      
1.37787495e+02      4.58603950e-02      
1.38024994e+02      3.95863401e-02      
1.38274994e+02      2.82074365e-02      
1.38524994e+02      4.74969327e-02      
1.38774994e+02      3.65977917e-02      
1.39137495e+02      5.40530536e-01      
1.39612497e+02      3.14303011e-01      
1.40087500e+02      4.17475613e-01      
1.40562502e+02      1.39758708e-01      
1.41050003e+02      1.02571041e-01      
1.41550003e+02      5.97817400e-02      
1.42050003e+02      5.82902174e-02      
1.42550003e+02      8.65694787e-02      
1.42807146e+02      3.08226849e-02      
1.42821433e+02      6.78987419e-02      
1.42835719e+02      6.78987419e-02      
1.42850006e+02      7.78110657e-02      
1.43112505e+02      1.14870164e-01      
1.43623216e+02      8.08117093e-02      
1.44133927e+02      4.28909558e-02      
1.44644638e+02      7.19159872e-02      
1.45162495e+02      5.35480379e-02      
1.45687496e+02      1.04054140e-01      
1.46212498e+02      1.62574257e-01      
1.46737499e+02      1.23002540e-01      
1.47275000e+02      1.55348272e-01      
1.47824999e+02      5.90033932e-02      
1.48374998e+02      2.07699965e-01      
1.48924997e+02      1.52506300e-01      
1.49487497e+02      1.06596690e-01      
1.50062498e+02      1.20013464e-01      
1.50637499e+02      1.20906660e-01      
1.51212500e+02      1.16996857e-01      
1.51787500e+02      9.40839753e-02      
1.52362501e+02      1.93134787e-01      
1.52937502e+02      1.79993810e-01      
1.53512503e+02      2.92684424e-01      
1.54100002e+02      1.54980067e-01      
1.54700001e+02      3.17170030e+00      
1.55299999e+02      1.72823218e+00      
1.55899998e+02      8.25264051e-01      
1.56512497e+02      1.08398276e-01      
1.57137497e+02      1.20104562e-01      
1.57762497e+02      7.96029299e-02      
1.58387497e+02      1.03976363e-01      
1.59024998e+02      1.60287573e-01      
1.59674999e+02      1.34803683e-01      
1.60325001e+02      1.56310038e-01      
1.60975002e+02      1.53979656e-01      
1.61625002e+02      1.07607345e-01      
1.62275000e+02      9.36053299e-02      
1.62924997e+02      1.51692288e-01      
1.63574995e+02      9.34057058e-02      
1.64245829e+02      2.29662569e+00      
1.64937498e+02      6.59799080e-02      
1.65629167e+02      1.99398591e+00      
1.66320837e+02      1.25031559e-01      
1.66670837e+02      1.84926625e-01      
1.66679169e+02      3.21968768e-01      
1.66687500e+02      3.21968768e-01      
1.66695831e+02      1.31217932e-01      
1.67049997e+02      5.87492481e-01      
1.67749998e+02      1.27394715e-01      
1.68449999e+02      5.35042586e-02      
1.69150000e+02      5.20807441e-02      
1.69862499e+02      1.63555242e-01      
1.70587498e+02      7.26188479e-02      
1.71312496e+02      2.81911595e-01      
1.72037495e+02      1.49724162e-01      
1.72587494e+02      1.33697284e-01      
1.72962494e+02      6.54968561e-02      
1.73337494e+02      8.20174422e-03      
1.73712494e+02      6.21080092e-04      
1.74087494e+02      1.31331350e-03      
1.74462494e+02      1.11471977e-01      
1.74837494e+02      3.03593249e-02      
1.75212494e+02      2.34918595e-02      
1.75599995e+02      2.34918595e-02      
1.75999996e+02      2.34918595e-02      
1.76399998e+02      2.34918595e-02      
1.76799999e+02      2.34918595e-02      
1.77200001e+02      2.34918595e-02      
1.77600002e+02      2.34918595e-02      
1.78000004e+02      2.34918595e-02      
1.78400005e+02      2.34918595e-02      
1.78800005e+02      2.34918595e-02      
1.79200003e+02      2.34918595e-02      
1.79600000e+02      2.34918595e-02      
1.79999998e+02      2.34918595e-02      
1.80399998e+02      1.19178446e+00      
1.80799999e+02      4.26383823e-01      
1.81200001e+02      3.26244508e+00      
1.81600002e+02      7.12465618e-01      
1.82012503e+02      1.60626756e-01      
1.82437502e+02      1.50899066e-01      
1.82862501e+02      2.33525746e-02      
1.83287500e+02      1.37753794e-01      
1.83712500e+02      3.64274741e-02      
1.84137499e+02      3.38383690e-02      
1.84562498e+02      3.47013658e-03      
1.84987497e+02      1.95446548e-03      
1.85412497e+02      7.76461106e-03      
1.85837496e+02      1.47569736e-01      
1.86262495e+02      1.51894122e-02      
1.86687494e+02      6.68871662e-02      
1.87124994e+02      1.44193538e-01      
1.87574995e+02      1.84510495e-01      
1.88024996e+02      1.09064188e-01      
1.88474997e+02      1.53947304e-01      
1.88924997e+02      8.50283837e-02      
1.89374998e+02      1.69331233e-01      
1.89824999e+02      1.88140427e-01      
1.90275000e+02      1.51720249e-01      
1.90725000e+02      1.38245747e-01      
1.91175001e+02      2.45501466e-01      
1.91625002e+02      1.35303162e-01      
1.92075003e+02      7.86318605e-02      
1.92537502e+02      6.34459796e-02      
1.93012501e+02      2.91667250e-01      
1.93487499e+02      1.06119733e-01      
1.93962498e+02      2.00647984e-01      
1.94437498e+02      1.41760738e-02      
1.94912500e+02      5.79915035e-02      
1.95387503e+02      8.43627475e-02      
1.95862505e+02      1.69928838e-01      
1.96337505e+02      1.03472708e-02      
1.96812504e+02      1.00099835e-01      
1.97287502e+02      1.57479656e-02      
1.97762501e+02      9.66800342e-02      
1.98250000e+02      4.57950322e-02      
1.98750000e+02      2.60885557e-02      
1.99250000e+02      1.32233615e-01      
1.99750000e+02      8.26414189e-02      
2.00000000e+02      1.91804448e-02      
2.00000001e+02      1.91804448e-02      
2.00000002e+02      1.91804448e-02      
2.00000003e+02      2.83614490e-02      
2.00250003e+02      1.48201603e-01      
2.00750002e+02      8.13700023e-02      
2.01250001e+02      3.88398815e-02      
2.01750000e+02      1.66395436e-01      
2.02262501e+02      3.88131899e-02      
2.02787502e+02      9.29161795e-02      
2.03312504e+02      5.95375233e-02      
2.03837505e+02      1.00962089e-01      
2.04362505e+02      1.24239566e-01      
2.04887503e+02      3.28225447e-02      
2.05412500e+02      9.11066329e-02      
2.05937498e+02      1.24667760e-01      
2.06462498e+02      1.57886651e-01      
2.06987499e+02      2.03627791e-01      
2.07512501e+02      1.34520210e-01      
2.08037502e+02      4.90328645e-02      
2.08575003e+02      5.06473006e-02      
2.09125002e+02      3.82437574e-03      
2.09675001e+02      6.06014792e-02      
2.10225000e+02      7.95982336e-02      
2.10787500e+02      9.76438708e-02      
2.11362501e+02      7.14061006e-02      
2.11937502e+02      7.03851865e-02      
2.12512503e+02      1.86208293e-01      
2.13087503e+02      1.41577326e-01      
2.13662504e+02      1.21626871e-01      
2.14237505e+02      1.53248216e-01      
2.14812506e+02      9.97407050e-02      
2.15387505e+02      8.15051756e-02      
2.15962502e+02      1.30862904e-01      
2.16537498e+02      2.13619546e-01      
2.17112495e+02      1.50790841e-01      
2.17724995e+02      1.99410516e-01      
2.18374996e+02      1.65079109e-01      
2.19024998e+02      1.21561252e-01      
2.19674999e+02      5.17208059e-02      
2.20275000e+02      1.42012738e-01      
2.20824999e+02      2.09064366e-01      
2.21374998e+02      3.10701483e-01      
2.21924997e+02      3.69129164e-01      
2.22512497e+02      2.12827552e-01      
2.23137497e+02      1.23497402e-01      
2.23762497e+02      1.18134248e-01      
2.24387497e+02      1.17822400e-01      
2.25024998e+02      3.37073674e-01      
2.25674999e+02      3.34584846e-01      
2.26325001e+02      4.49616975e-01      
2.26975002e+02      3.58076794e-01      
2.27625002e+02      2.25894820e-01      
2.28275000e+02      3.52312140e-01      
2.28924997e+02      2.02668614e-01      
2.29574995e+02      2.56935858e-01      
2.30237495e+02      2.71411065e-01      
2.30912498e+02      2.02717242e-01      
2.31587502e+02      3.24291316e-01      
2.32262505e+02      3.56459158e-01      
2.32937506e+02      7.43361243e-01      
2.33612505e+02      1.97382829e+00      
2.34287504e+02      1.08205228e+00      
2.34962503e+02      1.68165937e+00      
2.35587884e+02      7.91733931e-01      
2.36163647e+02      1.37278984e+00      
2.36739410e+02      9.43723029e-01      
2.37315172e+02      8.63853347e-01      
2.37665173e+02      1.16458798e+00      
2.37789411e+02      1.04290132e+00      
2.37913649e+02      1.04790612e+00      
2.38037887e+02      1.80610986e+00      
2.38462505e+02      3.03771016e+00      
2.39187504e+02      1.15884655e+00      
2.39912502e+02      1.43494716e+00      
2.40637501e+02      1.26867173e+00      
2.41362499e+02      1.09272479e+00      
2.42087498e+02      5.46638915e-01      
2.42812496e+02      3.87269777e-01      
2.43537495e+02      3.69584932e-01      
2.44274994e+02      4.12298656e-01      
2.45024994e+02      6.77393288e-01      
2.45774994e+02      4.57746458e-01      
2.46524994e+02      5.86279588e-01      
2.47287495e+02      6.14609990e-01      
2.48062496e+02      1.00762071e+00      
2.48837498e+02      8.03736848e-01      
2.49612499e+02      8.71655946e-01      
2.50400000e+02      5.69136884e-01      
2.51199999e+02      8.14976439e-01      
2.51999998e+02      8.12745216e-01      
2.52799997e+02      8.83403542e-01      
2.53599997e+02      8.68599175e-01      
2.54399996e+02      9.16200263e-01      
2.55199995e+02      8.83653692e-01      
2.55999994e+02      8.30053855e-01      
2.56812496e+02      9.84924049e-01      
2.57637501e+02      8.93904371e-01      
2.58462505e+02      1.48164618e+00      
2.59287510e+02      1.43697234e+00      
2.60137512e+02      3.37531158e+00      
2.61012512e+02      2.47471784e+00      
2.61887512e+02      3.25864747e+00      
2.62762512e+02      4.52417688e+00      
2.63637512e+02      3.12608992e+00      
2.64512512e+02      1.12118912e+00      
2.65387512e+02      1.33401002e+00      
2.66262512e+02      1.32922934e+00      
2.67150009e+02      1.99967346e+00      
2.68050003e+02      1.47920580e+00      
2.68949997e+02      1.54470070e+00      
2.69849991e+02      1.57873832e+00      
2.70762489e+02      1.82817194e+00      
2.71687492e+02      1.93815286e+00      
2.72612495e+02      1.88664528e+00      
2.73537498e+02      2.61689066e+00      
2.74125601e+02      2.77308848e+00      
2.74376802e+02      2.74541359e+00      
2.74628003e+02      2.88160706e+00      
2.74879204e+02      3.74608704e+00      
2.75354202e+02      3.16657727e+00      
2.76052998e+02      3.10270730e+00      
2.76751794e+02      2.72203677e+00      
2.77450590e+02      2.97797327e+00      
2.78287491e+02      2.90963552e+00      
2.79262497e+02      1.70609820e+01      
2.80237503e+02      4.09993326e+01      
2.81212509e+02      5.20135095e+00      
2.82113240e+02      3.06959690e+00      
2.82939697e+02      3.05358679e+00      
2.83766153e+02      2.84323775e+00      
2.84592609e+02      2.92754984e+00      
2.85092609e+02      2.08644216e+00      
2.85266153e+02      2.42371561e+00      
2.85439697e+02      3.03655877e+00      
2.85613240e+02      2.24133938e+00      
2.86225010e+02      2.60839328e+00      
2.87275005e+02      3.37556539e+00      
2.88325001e+02      4.18061746e+00      
2.89374996e+02      4.63257784e+00      
2.90424995e+02      4.69537407e+00      
2.91474998e+02      5.11008316e+00      
2.92525002e+02      5.83332156e+00      
2.93575005e+02      5.47239610e+00      
2.94650005e+02      5.29340737e+00      
2.95750004e+02      5.39342999e+00      
2.96850002e+02      4.97609401e+00      
2.97950001e+02      5.60377148e+00      
2.99062500e+02      5.99100480e+00      
3.00187500e+02      5.47098444e+00      
3.01312500e+02      6.11777939e+00      
3.02437500e+02      4.75330918e+00      
3.03513304e+02      6.16022896e+00      
3.04539913e+02      6.24629554e+00      
3.05566522e+02      6.80165262e+00      
3.06593131e+02      7.23093823e+00      
3.07180632e+02      7.25765439e+00      
3.07329027e+02      8.19218549e+00      
3.07477421e+02      9.00629569e+00      
3.07625815e+02      9.04511796e+00      
3.08300011e+02      8.62492461e+00      
3.09500008e+02      7.76598153e+00      
3.10700005e+02      1.07765446e+01      
3.11900002e+02      1.09448175e+01      
3.13125000e+02      1.12956871e+01      
3.14375000e+02      1.20485547e+01      
3.15625000e+02      1.45360768e+01      
3.16875000e+02      1.75636744e+01      
3.18125000e+02      1.70185054e+01      
3.19375000e+02      1.52909851e+01      
3.20625000e+02      2.68767810e+01      
3.21875000e+02      2.16847972e+01      
3.23125000e+02      2.15015868e+01      
3.24375000e+02      1.95152457e+01      
3.25625000e+02      2.03103985e+01      
3.26875000e+02      2.44520220e+01      
3.27713409e+02      3.12082167e+01      
3.28140227e+02      3.53934532e+01      
3.28567045e+02      3.74226632e+01      
3.28993862e+02      3.17500685e+01      
3.29618862e+02      3.78673991e+01      
3.30442045e+02      3.91596309e+01      
3.31265227e+02      3.98078475e+01      
3.32088409e+02      4.14672624e+01      
3.33125000e+02      4.57105434e+01      
3.34375000e+02      4.53337852e+01      
3.35625000e+02      5.37896010e+01      
3.36875000e+02      4.86658456e+01      
3.37962972e+02      5.57024796e+01      
3.38888917e+02      5.50961890e+01      
3.39814862e+02      6.60439776e+01      
3.40740807e+02      5.33145157e+01      
3.41365807e+02      5.54729119e+01      
3.41689862e+02      4.98355338e+01      
3.42013917e+02      6.96514623e+01      
3.42337972e+02      6.85705228e+01      
3.42812500e+02      7.09807362e+01      
3.43437500e+02      6.30250781e+01      
3.44062500e+02      4.51609287e+01      
3.44687500e+02      5.39411578e+01      
3.46250000e+02      6.60497811e+01      
3.48750000e+02      6.64078768e+01      
3.51250000e+02      8.11843340e+01      
3.53750000e+02      1.00830763e+02      
3.56250000e+02      7.98848003e+01      
3.58750000e+02      6.49786137e+01      
3.61250000e+02      7.24052060e+01      
3.63750000e+02      8.56211380e+01      
3.66250000e+02      9.35987713e+01      
3.68750000e+02      9.59337527e+01      
3.71250000e+02      8.31024385e+01      
3.73750000e+02      6.48843001e+01      
3.76250000e+02      9.39018232e+01      
3.78750000e+02      1.14694054e+02      
3.81250000e+02      1.00399572e+02      
3.83750000e+02      9.04489438e+01      
3.85625050e+02      7.85760527e+01      
3.86875151e+02      1.07406453e+02      
3.88125252e+02      1.06234518e+02      
3.89375353e+02      1.13935663e+02      
3.90625353e+02      1.23625930e+02      
3.91875252e+02      1.28450319e+02      
3.93125151e+02      1.01859312e+02      
3.94375050e+02      1.13037963e+02      
3.96250000e+02      1.12733197e+02      
3.98750000e+02      1.80805899e+02      
4.01250000e+02      2.10268382e+02      
4.03750000e+02      1.96729966e+02      
4.06250000e+02      2.20673283e+02      
4.08750000e+02      2.27863088e+02      
4.11250000e+02      2.23446175e+02      
4.13750000e+02      2.30831374e+02      
4.16250000e+02      2.56301350e+02      
4.18750000e+02      2.51020689e+02      
4.21250000e+02      2.09127698e+02      
4.23750000e+02      1.44288513e+02      
4.26250000e+02      2.07948907e+02      
4.28750000e+02      2.19374106e+02      
4.31250000e+02      2.48913798e+02      
4.33750000e+02      2.99523729e+02      
4.36250000e+02      3.06218866e+02      
4.38750000e+02      3.06238206e+02      
4.41250000e+02      3.43454171e+02      
4.43750000e+02      3.54516759e+02      
4.45625561e+02      3.69660880e+02      
4.46876683e+02      4.06192163e+02      
4.48127805e+02      4.48236668e+02      
4.49378927e+02      4.54456733e+02      
4.50628927e+02      4.76613544e+02      
4.51877805e+02      4.71853642e+02      
4.53126683e+02      4.39994549e+02      
4.54375561e+02      4.72470502e+02      
4.56250000e+02      5.46130165e+02      
4.58750000e+02      5.47430217e+02      
4.61250000e+02      5.82717310e+02      
4.63750000e+02      5.54525469e+02      
4.66250000e+02      5.60460511e+02      
4.68750000e+02      5.49438687e+02      
4.71250000e+02      5.68561501e+02      
4.73750000e+02      5.65285268e+02      
4.76250000e+02      5.02633656e+02      
4.78750000e+02      4.58201879e+02      
4.81250000e+02      4.93044539e+02      
4.83750000e+02      5.04047974e+02      
4.86250000e+02      5.11019544e+02      
4.88750000e+02      5.50774805e+02      
4.91250000e+02      6.16448514e+02      
4.93750000e+02      6.76482447e+02      
4.96250000e+02      5.55676988e+02      
4.98750000e+02      5.45474547e+02      
5.01250000e+02      5.01337612e+02      
5.03750000e+02      5.42422950e+02      
5.06250000e+02      5.57499179e+02      
5.08750000e+02      5.61351815e+02      
5.11250000e+02      5.54636619e+02      
5.13750000e+02      5.70484127e+02      
5.16250000e+02      5.44368449e+02      
5.18750000e+02      4.79976022e+02      
5.21250000e+02      5.69357313e+02      
5.23750000e+02      7.20399640e+02      
5.26250000e+02      6.68622677e+02      
5.28750000e+02      7.71449084e+02      
5.31250000e+02      7.93262100e+02      
5.33750000e+02      7.60417688e+02      
5.35626888e+02      8.31805527e+02      
5.36880663e+02      8.30421487e+02      
5.38134438e+02      8.99417649e+02      
5.39388214e+02      8.95114570e+02      
5.40638214e+02      8.54879328e+02      
5.41884438e+02      9.35582594e+02      
5.43130663e+02      9.05734279e+02      
5.44376888e+02      9.28293690e+02      
5.45563869e+02      7.12967189e+02      
5.46691608e+02      7.62108456e+02      
5.47819347e+02      7.99820763e+02      
5.48947086e+02      8.40903300e+02      
5.50197086e+02      7.84502022e+02      
5.51569347e+02      7.61826453e+02      
5.52941608e+02      8.35977621e+02      
5.54313869e+02      8.34192578e+02      
5.56250000e+02      8.56151716e+02      
5.58750000e+02      8.38332810e+02      
5.61250000e+02      7.75282431e+02      
5.63750000e+02      8.00185177e+02      
5.65200540e+02      8.51382048e+02      
5.65601619e+02      9.00771201e+02      
5.66002698e+02      8.70392020e+02      
5.66403777e+02      8.47890115e+02      
5.67653777e+02      8.57142613e+02      
5.69752698e+02      9.01890537e+02      
5.71851619e+02      9.51488954e+02      
5.73950540e+02      1.05236407e+03      
5.76250000e+02      9.87227336e+02      
5.78750000e+02      1.03577180e+03      
5.81250000e+02      1.04039856e+03      
5.83750000e+02      1.04070451e+03      
5.86250000e+02      7.99812224e+02      
5.88750000e+02      4.50886331e+02      
5.91250000e+02      6.02227363e+02      
5.93750000e+02      7.40933329e+02      
5.96250000e+02      7.75194656e+02      
5.98750000e+02      8.66590311e+02      
6.01250000e+02      9.28517644e+02      
6.03750000e+02      1.04382397e+03      
6.05004234e+02      1.08374286e+03      
6.05012703e+02      1.12609381e+03      
6.05021172e+02      1.12609381e+03      
6.05029640e+02      1.09687329e+03      
6.06279640e+02      1.14094485e+03      
6.08771172e+02      1.22090503e+03      
6.11262703e+02      1.11924694e+03      
6.13754234e+02      1.26452176e+03      
6.16250000e+02      8.93750747e+02      
6.18750000e+02      7.99193625e+02      
6.21250000e+02      7.58121717e+02      
6.23750000e+02      6.63161306e+02      
6.26250000e+02      7.88532072e+02      
6.28750000e+02      8.36658843e+02      
6.31250000e+02      9.39862182e+02      
6.33750000e+02      1.02674493e+03      
6.36250000e+02      9.69029468e+02      
6.38750000e+02      8.97623195e+02      
6.41250000e+02      1.02924387e+03      
6.43750000e+02      1.07182781e+03      
6.46250000e+02      1.14956341e+03      
6.48750000e+02      1.19538214e+03      
6.51250000e+02      1.27745454e+03      
6.53750000e+02      1.38743727e+03      
6.56250000e+02      1.29198859e+03      
6.58750000e+02      1.32800543e+03      
6.61250000e+02      1.30840809e+03      
6.63750000e+02      1.27049391e+03      
6.65208336e+02      1.17835657e+03      
6.65625007e+02      1.05177374e+03      
6.66041679e+02      1.04904857e+03      
6.66458351e+02      1.12172484e+03      
6.67708351e+02      1.04979684e+03      
6.69791679e+02      9.92188351e+02      
6.71875007e+02      8.28073965e+02      
6.73958336e+02      8.57549167e+02      
6.76250000e+02      8.71335380e+02      
6.78750000e+02      8.46330038e+02      
6.81250000e+02      8.72703507e+02      
6.83750000e+02      8.90150302e+02      
6.85760623e+02      8.16090938e+02      
6.87281868e+02      8.73762768e+02      
6.88803113e+02      8.90360122e+02      
6.90324358e+02      9.40717382e+02      
6.91574358e+02      1.01961019e+03      
6.92553113e+02      1.05461076e+03      
6.93531868e+02      1.14388401e+03      
6.94510623e+02      1.21461480e+03      
6.96250000e+02      1.25548095e+03      
6.98750000e+02      1.32151693e+03      
7.01250000e+02      1.39506500e+03      
7.03750000e+02      1.64422451e+03      
7.06250000e+02      1.36076579e+03      
7.08750000e+02      1.19939239e+03      
7.11250000e+02      1.17920338e+03      
7.13750000e+02      8.78604250e+02      
7.16250000e+02      1.00299098e+03      
7.18750000e+02      1.16589812e+03      
7.21250000e+02      1.13265446e+03      
7.23750000e+02      1.32003051e+03      
7.26250000e+02      1.49693846e+03      
7.28750000e+02      1.60169595e+03      
7.31250000e+02      1.73093491e+03      
7.33750000e+02      1.79038035e+03      
7.36250000e+02      1.89518239e+03      
7.38750000e+02      1.98312831e+03      
7.41250000e+02      2.00818887e+03      
7.43750000e+02      2.04988130e+03      
7.45859962e+02      2.02807305e+03      
7.47579885e+02      2.09519232e+03      
7.49299808e+02      2.06904226e+03      
7.51019731e+02      2.08951529e+03      
7.52269731e+02      2.12675863e+03      
7.53049808e+02      2.09651067e+03      
7.53829885e+02      2.12365268e+03      
7.54609962e+02      2.15246456e+03      
7.56250000e+02      2.14193665e+03      
7.58750000e+02      2.04477629e+03      
7.61250000e+02      1.96768482e+03      
7.63750000e+02      1.84294350e+03      
7.66250000e+02      1.65317515e+03      
7.68750000e+02      1.61505341e+03      
7.71250000e+02      1.58128631e+03      
7.73750000e+02      1.74781203e+03      
7.75857604e+02      1.61521907e+03      
7.77572811e+02      1.69936581e+03      
7.79288018e+02      1.68576112e+03      
7.81003225e+02      1.77987520e+03      
7.82253225e+02      1.79858057e+03      
7.83038018e+02      1.72283953e+03      
7.83822811e+02      1.71579451e+03      
7.84607604e+02      1.76363854e+03      
7.86250000e+02      1.81712285e+03      
7.88750000e+02      1.91050007e+03      
7.91250000e+02      1.89091053e+03      
7.93750000e+02      1.93322242e+03      
7.96250000e+02      2.01705128e+03      
7.98750000e+02      2.03668482e+03      
8.01250000e+02      2.07791754e+03      
8.03750000e+02      2.09925181e+03      
8.06250000e+02      2.13956140e+03      
8.08750000e+02      2.16460328e+03      
8.11250000e+02      2.19541405e+03      
8.13750000e+02      2.22692984e+03      
8.16250000e+02      2.24552582e+03      
8.18750000e+02      1.97377023e+03      
8.21250000e+02      2.12870207e+03      
8.23750000e+02      2.19484767e+03      
8.26250000e+02      2.18234514e+03      
8.28750000e+02      2.14179643e+03      
8.31250000e+02      2.13261705e+03      
8.33750000e+02      2.10224284e+03      
8.35932497e+02      2.09086740e+03      
8.37797491e+02      2.07601291e+03      
8.39662485e+02      2.04928694e+03      
8.41527480e+02      2.10667415e+03      
8.42777480e+02      2.03685948e+03      
8.43412485e+02      1.97717331e+03      
8.44047491e+02      1.88740106e+03      
8.44682497e+02      1.90107517e+03      
8.46250000e+02      1.81441575e+03      
8.48750000e+02      1.89479126e+03      
8.51250000e+02      1.84638351e+03      
8.53750000e+02      1.85621039e+03      
8.56250000e+02      1.98342451e+03      
8.58750000e+02      2.01002780e+03      
8.61250000e+02      2.04140295e+03      
8.63750000e+02      2.09601248e+03      
8.66250000e+02      2.02694884e+03      
8.68750000e+02      2.02506719e+03      
8.71250000e+02      2.10597382e+03      
8.73750000e+02      2.12745979e+03      
8.76250000e+02      2.14870076e+03      
8.78750000e+02      2.17803419e+03      
8.81250000e+02      2.15582779e+03      
8.83750000e+02      2.16135158e+03      
8.85783196e+02      2.12786450e+03      
8.87349589e+02      1.95222521e+03      
8.88915982e+02      1.99225357e+03      
8.90482375e+02      2.03567052e+03      
8.91732375e+02      2.06135789e+03      
8.92665982e+02      2.07376214e+03      
8.93599589e+02      2.04647475e+03      
8.94533196e+02      2.02844520e+03      
8.96250000e+02      2.04427598e+03      
8.98750000e+02      2.08977647e+03      
9.01250000e+02      2.07086599e+03      
9.03750000e+02      2.10020630e+03      
9.06250000e+02      2.11924651e+03      
9.08750000e+02      2.12264728e+03      
9.11250000e+02      2.14926353e+03      
9.13750000e+02      2.18632511e+03      
9.16250000e+02      2.19536324e+03      
9.18750000e+02      2.20497729e+03      
9.21250000e+02      2.17964434e+03      
9.23750000e+02      2.14144190e+03      
9.26250000e+02      2.13700338e+03      
9.28750000e+02      2.10507118e+03      
9.31250000e+02      2.09614021e+03      
9.33750000e+02      2.11306423e+03      
9.36250000e+02      2.09473165e+03      
9.38750000e+02      2.09588342e+03      
9.41250000e+02      2.10927874e+03      
9.43750000e+02      2.10418097e+03      
9.46250000e+02      2.11742215e+03      
9.48750000e+02      2.14757523e+03      
9.51250000e+02      2.13996919e+03      
9.53750000e+02      2.13690561e+03      
9.55817304e+02      2.11704758e+03      
9.57451913e+02      2.14125528e+03      
9.59086521e+02      2.16885064e+03      
9.60721130e+02      2.10695711e+03      
9.61971130e+02      2.16086056e+03      
9.62836521e+02      2.16732133e+03      
9.63701913e+02      2.08312494e+03      
9.64567304e+02      2.09347305e+03      
9.66250000e+02      2.12282343e+03      
9.68750000e+02      2.11088798e+03      
9.71250000e+02      2.11285252e+03      
9.73750000e+02      2.06021060e+03      
9.76250000e+02      2.11027075e+03      
9.78750000e+02      2.07611467e+03      
9.81250000e+02      2.12095342e+03      
9.83750000e+02      2.09418751e+03      
9.86250000e+02      2.11446340e+03      
9.88750000e+02      2.10946187e+03      
9.91250000e+02      1.80961086e+03      
9.93750000e+02      1.91097651e+03      
9.96250000e+02      1.99297572e+03      
9.98750000e+02      1.99144893e+03      
1.00125000e+03      2.02233180e+03      
1.00375000e+03      2.04110714e+03      
1.00625000e+03      1.97403974e+03      
1.00875000e+03      2.04019526e+03      
1.01125000e+03      2.04379407e+03      
1.01375000e+03      2.00229517e+03      
1.01625000e+03      1.97991287e+03      
1.01875000e+03      2.00294877e+03      
1.02125000e+03      1.96487972e+03      
1.02375000e+03      2.02325761e+03      
1.02625000e+03      1.93662225e+03      
1.02875000e+03      1.94663805e+03      
1.03125000e+03      1.97311138e+03      
1.03375000e+03      1.94695999e+03      
1.03515868e+03      1.84791019e+03      
1.03547603e+03      1.93862552e+03      
1.03579339e+03      1.96346861e+03      
1.03611075e+03      2.02868418e+03      
1.03736075e+03      1.99245710e+03      
1.03954339e+03      1.96121752e+03      
1.04172603e+03      1.98982109e+03      
1.04390868e+03      1.98792406e+03      
1.04625000e+03      2.01410507e+03      
1.04875000e+03      2.00532892e+03      
1.05125000e+03      2.00246614e+03      
1.05375000e+03      2.02173979e+03      
1.05625000e+03      2.00359389e+03      
1.05875000e+03      2.00378549e+03      
1.06125000e+03      2.00605983e+03      
1.06375000e+03      2.01862204e+03      
1.06556484e+03      1.97890570e+03      
1.06669451e+03      1.95764027e+03      
1.06782418e+03      1.98276558e+03      
1.06895385e+03      1.98154451e+03      
1.07020385e+03      1.97575890e+03      
1.07157418e+03      1.98830434e+03      
1.07294451e+03      1.95309616e+03      
1.07431484e+03      1.98435618e+03      
1.07625000e+03      1.98834328e+03      
1.07875000e+03      1.98703048e+03      
1.08125000e+03      1.94743343e+03      
1.08375000e+03      1.97792640e+03      
1.08687500e+03      1.97906972e+03      
1.09062500e+03      1.96369211e+03      
1.09437500e+03      1.97774297e+03      
1.09812500e+03      1.95557610e+03      
1.10374294e+03      1.93308014e+03      
1.11122881e+03      1.92898809e+03      
1.11871468e+03      1.91724531e+03      
1.12620055e+03      1.90236747e+03      
1.13903128e+03      1.86306609e+03      
1.15720685e+03      1.86912481e+03      
1.17538242e+03      1.82772295e+03      
1.19355799e+03      1.79269341e+03      
1.21571375e+03      1.77444298e+03      
1.24184971e+03      1.72548790e+03      
1.26798566e+03      1.68788139e+03      
1.29412161e+03      1.63777577e+03      
1.32261778e+03      1.57280063e+03      
1.35347418e+03      1.48480150e+03      
1.38433059e+03      1.43503382e+03      
1.41518699e+03      1.36177919e+03      
1.44740644e+03      1.32101980e+03      
1.48098895e+03      1.27048823e+03      
1.51457146e+03      1.25267518e+03      
1.54815397e+03      1.22451579e+03      
1.58029753e+03      1.22021218e+03      
1.61100215e+03      1.19399289e+03      
1.64170676e+03      1.18892282e+03      
1.67241138e+03      1.14535852e+03      
1.70956790e+03      1.07434801e+03      
1.75317633e+03      9.63192742e+02      
1.79678476e+03      8.57161683e+02      
1.84039319e+03      7.74980707e+02      
1.88194796e+03      7.29030273e+02      
1.92144910e+03      6.95896220e+02      
1.96095023e+03      6.45526952e+02      
2.00045136e+03      6.11567307e+02      
2.04300708e+03      5.85358415e+02      
2.08861738e+03      5.56615763e+02      
2.13422769e+03      5.36084442e+02      
2.17983800e+03      5.15962953e+02      
2.23748645e+03      4.90517771e+02      
2.30717304e+03      4.39500857e+02      
2.37685964e+03      3.83971249e+02      
2.44654623e+03      3.25377450e+02      
2.50366265e+03      2.68620083e+02      
2.54820889e+03      2.53015775e+02      
2.59275514e+03      2.51708338e+02      
2.63730139e+03      2.38587425e+02      
2.69209120e+03      2.27280168e+02      
2.75712457e+03      2.07236573e+02      
2.82215795e+03      1.87451469e+02      
2.88719133e+03      1.76615423e+02      
2.94894192e+03      1.61848353e+02      
3.00740972e+03      1.52647301e+02      
3.06587753e+03      1.44064554e+02      
3.12434533e+03      1.37478567e+02      
3.16430572e+03      1.33844523e+02      
3.18575868e+03      1.29578926e+02      
3.20721164e+03      1.29407139e+02      
3.22866461e+03      1.25957848e+02      
3.24919847e+03      1.24735106e+02      
3.26881322e+03      1.23788158e+02      
3.28842798e+03      1.20044922e+02      
3.30804273e+03      1.20783195e+02      
3.32814434e+03      1.18836013e+02      
3.34873280e+03      1.15958913e+02      
3.36932126e+03      1.16025523e+02      
3.38990971e+03      1.12849673e+02      
3.41102225e+03      1.11859808e+02      
3.43265885e+03      1.11854183e+02      
3.45429546e+03      1.07289501e+02      
3.47593206e+03      1.08654406e+02      
3.49797380e+03      1.06230119e+02      
3.52042067e+03      1.02700235e+02      
3.54286754e+03      1.03095948e+02      
3.56531441e+03      1.00103968e+02      
3.58902943e+03      9.86792988e+01      
3.61401260e+03      9.81614705e+01      
3.63899577e+03      9.49514848e+01      
3.66397893e+03      9.33865215e+01      
3.68950149e+03      9.19375855e+01      
3.71556345e+03      9.00401375e+01      
3.74162540e+03      8.83458539e+01      
3.76768735e+03      8.60432246e+01      
3.80933142e+03      8.37393244e+01      
3.86655760e+03      8.01272112e+01      
3.92378378e+03      7.62979885e+01      
3.98100996e+03      7.23181890e+01      
4.02990538e+03      6.88864407e+01      
4.07047004e+03      6.55209772e+01      
4.11103469e+03      6.33948610e+01      
4.15159935e+03      6.05274911e+01      
4.21857828e+03      5.71975485e+01      
4.31197149e+03      5.18515766e+01      
4.40536469e+03      4.63777221e+01      
4.49875790e+03      4.22199945e+01      
4.58702880e+03      3.91901301e+01      
4.67017740e+03      3.69713030e+01      
4.75332600e+03      3.47314087e+01      
4.83647460e+03      3.28455682e+01      
4.90931845e+03      3.10578261e+01      
4.97185755e+03      2.94998910e+01      
5.03439665e+03      2.81204164e+01      
5.09693575e+03      2.68368296e+01      
5.16285533e+03      2.56211594e+01      
5.23215538e+03      2.44665418e+01      
5.30145544e+03      2.32305173e+01      
5.37075549e+03      2.22253523e+01      
5.44401556e+03      2.11152461e+01      
5.52123564e+03      2.01536013e+01      
5.59845573e+03      1.91553857e+01      
5.67567581e+03      1.82146703e+01      
5.75757587e+03      1.73014055e+01      
5.84415591e+03      1.64067033e+01      
5.93073595e+03      1.55558280e+01      
6.01731598e+03      1.47463351e+01      
6.10948187e+03      1.39540488e+01      
6.20723361e+03      1.31864459e+01      
6.30498534e+03      1.24546631e+01      
6.40273708e+03      1.17637021e+01      
6.50723028e+03      1.10890863e+01      
6.61846495e+03      1.04330243e+01      
6.72969961e+03      9.81351744e+00      
6.84093428e+03      9.22933700e+00      
6.96040857e+03      8.66138087e+00      
7.08812249e+03      8.10976480e+00      
7.21583641e+03      7.59131769e+00      
7.34355032e+03      7.12259172e+00      
7.46187353e+03      6.71396936e+00      
7.57080603e+03      6.35514080e+00      
7.67973852e+03      6.02648541e+00      
7.78867102e+03      5.71466305e+00      
7.90441173e+03      5.40997169e+00      
8.02696067e+03      5.11191874e+00      
8.14950961e+03      4.83171930e+00      
8.27205855e+03      4.55767955e+00      
8.41982520e+03      4.26546546e+00      
8.59280956e+03      3.96425945e+00      
8.76579392e+03      3.67885380e+00      
8.93877828e+03      3.43327200e+00      
9.07082057e+03      3.24842996e+00      
9.16192079e+03      3.11645998e+00      
9.25302100e+03      3.00041086e+00      
9.34412122e+03      2.88394297e+00      
9.46596241e+03      2.74667491e+00      
9.61854458e+03      2.59388959e+00      
9.77112675e+03      2.44436324e+00      
9.92370892e+03      2.30399755e+00      
1.00797873e+04      2.17252318e+00      
1.02393618e+04      2.04728050e+00      
1.03989363e+04      1.93070816e+00      
1.05585108e+04      1.81973773e+00      
1.07370822e+04      1.70714445e+00      
1.09346507e+04      1.59536951e+00      
1.11322191e+04      1.49041750e+00      
1.13297875e+04      1.39001628e+00      
1.15625002e+04      1.28613792e+00      
1.18303573e+04      1.18217966e+00      
1.20982144e+04      1.08516285e+00      
1.23660715e+04      9.94943952e-01      
1.26736112e+04      9.05730037e-01      
1.30208335e+04      8.19134679e-01      
1.33680558e+04      7.40334815e-01      
1.37152781e+04      6.72515541e-01      
1.40268412e+04      6.16680800e-01      
1.43027449e+04      5.70846499e-01      
1.45786486e+04      5.30123382e-01      
1.48545523e+04      4.92888114e-01      
1.51443729e+04      4.57374871e-01      
1.54481106e+04      4.23993440e-01      
1.57518482e+04      3.93307928e-01      
1.60555859e+04      3.62819887e-01      
1.64751008e+04      3.28449765e-01      
1.70103929e+04      2.92186224e-01      
1.75456851e+04      2.59105133e-01      
1.80809772e+04      2.31013152e-01      
1.85802979e+04      2.07773882e-01      
1.90436473e+04      1.88400157e-01      
1.95069966e+04      1.71595536e-01      
1.99703460e+04      1.55974536e-01      
2.05176771e+04      1.40415864e-01      
2.11489899e+04      1.25260761e-01      
2.17803028e+04      1.11676944e-01      
2.24116156e+04      9.93228478e-02      
2.31758368e+04      8.71530314e-02      
2.40729663e+04      7.55534093e-02      
2.49700959e+04      6.54651400e-02      
2.58672254e+04      5.69044330e-02      
2.68141952e+04      4.94171670e-02      
2.78110051e+04      4.29070321e-02      
2.88078151e+04      3.73603481e-02      
2.98046250e+04      3.24987417e-02      
3.09794371e+04      2.79296679e-02      
3.23322513e+04      2.37421275e-02      
3.36850655e+04      2.02008052e-02      
3.50378797e+04      1.70447356e-02      
3.69318190e+04      1.38750844e-02      
3.93668833e+04      1.09456200e-02      
4.18019476e+04      8.63253130e-03      
4.42370119e+04      6.76687513e-03      
4.75852261e+04      5.08691015e-03      
5.18465900e+04      3.69298276e-03      
5.61079540e+04      2.69837869e-03      
6.03693180e+04      1.94001963e-03      
6.71875000e+04      1.28051901e-03      
7.65625000e+04      7.91949159e-04      
8.59375000e+04      4.99077925e-04      
9.53125000e+04      3.45497792e-04      
1.00000000e+05      1.50151806e-04      
